-1.1747254e-01   2.1134048e-01  -3.8445694e-01  -4.4447186e-01  -6.9363722e-02   5.7434409e-02   3.3799793e-01   1.8910410e-01  -1.9668282e-01  -1.5389835e-01   2.6130610e-01  -2.9821936e-01   1.8542303e-01  -8.9778171e-02   5.4827817e-03  -1.6045572e-01   2.7183442e-01   6.9322902e-02   2.5912372e-01   6.6429636e-02
 3.1339051e-01   1.5138184e-01  -1.0500527e-01   4.3686907e-02   2.1245958e-01   2.1963467e-03  -4.2909993e-01  -7.3920746e-04  -1.1922777e-01   3.4425380e-01   2.1381081e-01   6.3923751e-02  -1.8835856e-01   4.6369199e-02   2.1600811e-01   2.0441901e-01  -8.1336442e-02  -1.8105688e-01  -4.9261674e-01  -2.1445907e-01
 1.2723774e-01   3.5456177e-01  -2.9359403e-01  -3.8604780e-03  -3.5857407e-01  -6.0713090e-02   7.5163616e-02   2.8380452e-01   1.3818169e-01  -2.3714378e-01  -3.7765177e-01   3.3474229e-01   2.1704421e-01  -4.8302413e-02  -5.9793880e-02   2.2514277e-01   1.6643689e-01  -2.2615510e-01  -1.9137939e-01  -6.5147496e-02
 3.4903791e-02  -3.0940499e-01   3.6807888e-01  -1.6440907e-01   1.8240357e-01   2.2194365e-02   5.6231823e-02  -4.3273023e-01  -3.4307236e-02   1.5703594e-01  -1.3126342e-01   7.5654993e-02   2.0347465e-01   2.6253480e-01  -1.0337665e-01   1.1711825e-01  -4.7246673e-01  -1.9976216e-01   2.1535930e-01   1.5273013e-01
 6.2380929e-02   3.6072730e-01  -1.1062094e-01  -1.9539654e-01   1.8100783e-01  -2.7098099e-02   1.0118955e-02  -1.3188125e-01  -6.1700835e-02   5.8407000e-02  -2.6801562e-01  -3.1260872e-01   1.2657186e-01  -2.8614320e-01  -2.4533902e-01   3.9266165e-01  -1.5613788e-01   3.6024301e-01  -9.2937247e-02   3.3576081e-01
 1.8368051e-01   1.3648698e-01   2.9682751e-01   2.4818706e-01  -3.1542869e-01  -2.8437382e-01  -7.6073187e-02  -3.0271153e-01   3.3248896e-01  -1.9736029e-01   8.4484310e-02  -6.3238781e-02  -4.7926895e-02   3.8627255e-03  -3.2005058e-01   3.6048486e-01   1.4323407e-01  -1.6768051e-03   1.1923411e-01  -3.0013051e-01
-3.1817875e-01  -2.3729521e-01  -1.1267174e-01  -2.0493632e-01   7.2022126e-02  -8.7880370e-02   6.1312940e-02   8.4337908e-02   4.5623251e-01   2.3378537e-01   4.4343550e-01  -1.8815492e-01  -3.2481783e-02   1.5344515e-01   2.8800921e-01  -2.3134390e-01  -2.1448477e-01   3.4633178e-02   4.3120807e-02  -2.4290692e-01
 2.2120615e-01  -1.8363964e-01   2.9641078e-01  -9.7063314e-03   3.6986830e-01   4.7116051e-02   1.3345004e-01   2.1007661e-01   9.9798089e-02  -3.5499473e-01  -1.9290827e-01  -2.1266991e-01  -3.2477231e-01  -2.4738550e-01   2.3190312e-01   1.1555579e-01   1.0788815e-01  -3.7220497e-02  -3.8670865e-01   1.1673276e-01
 3.0973160e-01   1.9598303e-01  -2.0564037e-01  -3.2804560e-01  -2.5854315e-01   1.0491604e-01   3.3260864e-01  -1.3954856e-01  -2.4488083e-01  -2.0831530e-01   3.5369560e-01  -3.0057911e-01  -9.8594934e-02   8.9562643e-02  -1.3217291e-01  -1.5153749e-03  -6.8404880e-02   3.2258634e-01   8.1015595e-02   1.9614152e-01
-2.9301028e-01   2.3462251e-01   2.0396826e-01  -1.7499241e-01   1.9339193e-01   3.1752904e-01  -2.3954071e-01  -1.4934707e-01   1.1071949e-01  -2.6828197e-01  -6.6981865e-02   2.9832259e-01   6.4634411e-02  -2.6412316e-01  -2.2225166e-01  -2.5447431e-01   2.0827309e-01  -1.5347784e-01   9.9644549e-02   3.5537540e-01
