-2.6004107509 1.38270247353 -3.08450889463 1.55446181976
4.74092826955 -2.31680226041 0.931685030405 -0.45025627736
-1.34668359636 4.19412993544 -0.481915003341 1.46516902837
-0.0149620913952 1.72367483812 -0.339456176111 12.4281227662
4.29360369356 0.761271752417 1.50159123035 0.248994951395
-4.45252685352 0.466530185297 -1.44250530717 0.149849502514
3.1815295448 -4.08136332061 0.675726133045 -0.851458861401
3.40038226548 -0.0321673336548 2.49718421149 -0.0441934259426
3.35364899238 3.98867022868 0.707149678388 0.82455088544
-2.25582799182 -4.61089848489 -0.495084714525 -1.00822858859
2.43523985272 -4.68021068206 0.492276144322 -0.927099263483
3.89907789267 1.07766909451 1.72118742073 0.446976918299
3.50343112443 -2.25037414947 1.41789628159 -0.89066155016
0.502631826643 1.8084549308 2.54785594076 10.0958724461
4.1001775732 -1.52281109168 1.41551486839 -0.518330881952
-2.1085529422 -4.36991085139 -0.550187423877 -1.13566990561
-4.86726613186 -2.15703976075 -0.94350217272 -0.411319656869
-0.249918604443 -2.27104466424 -0.572662412301 -6.33656704465
1.05539969083 -1.87629945922 3.6521841684 -6.05366424578
-2.87848967186 -2.12495451505 -1.91696424416 -1.36535700192
-0.572165825209 1.42886067834 -6.39162393293 15.7388891609
4.38928783202 -1.05945503023 1.37277926926 -0.329694259125
-1.93634423733 3.67533493582 -0.824065353875 1.52651049703
0.909900255318 3.00821202836 0.93097705308 3.04307104013
-0.228403367951 1.40677000905 -3.1772283451 20.0972963456
1.56280826083 1.1016845855 8.56387705598 4.69621740482
2.85520309188 -0.324212912764 3.47846899235 -0.399582801455
1.6000744063 -0.349718164312 11.1496642325 -1.66997808292
-0.472439058238 3.73581071547 -0.282512987487 2.13069635492
3.56524925934 1.72563336958 1.70366897024 0.783734531579
-2.84876318558 2.01465546246 -2.02003927246 1.37916590051
-3.13013009964 -3.58076933953 -0.868612665692 -0.981330995955
-4.35121119558 -0.455593076067 -1.51385749503 -0.151577174348
3.93351152702 3.25580589749 0.876113144181 0.707911777794
-0.205256906536 3.05987652505 -0.248500336628 3.32567290173
1.4551256328 -4.23711453608 0.492651584182 -1.38858429445
2.81160593819 3.64100719157 0.872567842415 1.1038454399
0.888884642339 -2.58814958208 1.43478869915 -3.91579527263
-1.16310712017 -0.774507075522 -25.0083605628 -5.62264479968
-3.45527723912 -1.06747139413 -2.16310671233 -0.634797089202
-3.44642569873 -1.64813064865 -1.84415698986 -0.848932185056
4.15837246042 1.58573900027 1.38231221659 0.504319521645
-0.205497457736 -1.76882450456 -0.924238158318 -11.376066662
2.3919295293 -1.73606052519 2.79688572267 -1.93387960729
-0.19768328691 2.65785344609 -0.381588065465 4.51358291444
-1.15596061106 3.75494210772 -0.592152446619 1.86689994939
-0.422401253499 1.95316905485 -1.95928992407 8.46291003257
3.95439932662 0.10249900223 1.84389358187 0.0330047864484
-4.61418237207 2.60872468204 -0.905665906483 0.504609000042
1.15767617455 -4.71369734578 0.3085619485 -1.21334848658
-3.28059898047 1.11333856674 -2.32660388997 0.761548783471
-3.41368495002 0.915498407451 -2.2699703167 0.5891114996
-0.805775573691 -2.4937916601 -1.4173140971 -4.50533427833
-1.9992403932 -0.220235123446 -7.30997445681 -0.589598074237
3.7348381129 -1.27565451665 1.75720017561 -0.589757430949
3.78055049464 -3.43545929534 0.828419699303 -0.740614992886
-3.38857673827 -4.21652396643 -0.633453230837 -0.781655130054
1.71802027073 -2.03957046428 2.87121572702 -3.22209154008
-4.75030521912 1.87027670824 -1.04028708068 0.403407368677
1.60608039849 2.48167519434 2.02489231634 3.01416140724
-2.96935225645 0.0279643518185 -3.32599636847 0.043439961894
0.668601839471 2.02642840407 2.3337076961 7.30884415335
-4.35409193688 1.64191364731 -1.26170125668 0.467106495549
-0.221460451946 -1.88314824001 -0.852775306781 -9.7819925633
-4.66900378787 -3.3737389906 -0.716519733034 -0.512146382486
2.58298843602 4.71710838754 0.49701093021 0.893488294109
2.22324865062 -2.63822574991 1.64362532181 -1.88064098929
4.74935732736 -0.736036723897 1.23036371925 -0.192252560851
-4.11856999152 -1.56264832741 -1.41742408812 -0.522693125373
-2.25839649385 0.244781229664 -5.71127780818 0.556745358882
3.30178791846 4.62830738107 0.534194035464 0.736886311619
-0.79856666738 -3.78118218979 -0.4111903985 -1.98650203628
-3.76680807438 -1.19681743662 -1.79883319549 -0.549035664125
2.37645214388 4.55214192245 0.527375907268 0.993726960627
-4.07821194214 -2.038097981 -1.26999771748 -0.619907186276
4.82720003822 -2.49711449401 0.868351680886 -0.444358512561
3.9720601338 -1.732917778 1.41292327656 -0.606206947215
-0.0982225356981 -3.30696118673 -0.0547396809997 -2.80940286081
-3.70563438446 4.33642657243 -0.588826941411 0.680145916592
1.49348929254 -0.184287297771 13.0273457507 -0.751399599017
4.36843252458 -0.88288355357 1.42035648771 -0.286839144902
0.760448628008 -1.11806408117 14.3323839794 -20.0183977631
-4.27968063488 -2.09581259839 -1.16396872298 -0.558071099165
-2.78341010709 2.66860105935 -1.46422235162 1.36526917935
0.740877580949 -2.80326173652 1.00672569214 -3.55042740003
4.17645154691 -3.91727678023 0.647521012764 -0.599391172031
-0.702509836434 2.31429294439 -1.70787767099 5.31901389593
1.59614712828 4.37272589813 0.480137729631 1.29523695491
-3.48433412948 2.9450237504 -1.08828320396 0.901540343263
-4.13678267668 3.92356013531 -0.65596555364 0.614168864218
-0.901148839942 3.22724830036 -0.765585301744 2.63431936791
-1.81091663058 0.642470073417 -8.12221077394 2.37503063778
-0.338569626763 -2.55050944193 -0.572613104317 -4.8434604581
-0.281850323105 -3.24547039196 -0.224820659148 -2.90059327128
0.390904349953 1.44412982886 3.73928875455 18.2550544363
-1.8287826421 2.68148487876 -1.67518812642 2.36825359226
2.10884936578 -0.277433788058 6.38361674833 -0.769983721358
-4.19221266011 2.63206827569 -1.01449696126 0.626248931396
2.81804670226 0.574384648532 3.48693728945 0.61025918973
-3.00002249518 2.4443029759 -1.55243551947 1.22991249235
1.43036786324 -3.85785110987 0.629800929475 -1.63894728074
-2.67942242823 -3.51922092881 -0.931566445784 -1.2081614664
-1.87426760821 3.95891755427 -0.678063941753 1.40039446261
2.26753143401 2.50650660138 1.84472438376 1.95280213965
-3.04995095184 1.6396199065 -2.19212087518 1.13598729622
1.7341124448 1.40437881048 5.51415290202 3.89554615053
4.78882826109 -3.04693850048 0.757603844232 -0.47665739412
2.90638460993 -2.63776723865 1.42506540016 -1.25826820019
4.0450371559 -3.66604073612 0.724385330286 -0.647201745117
-4.08806080327 -2.20726705249 -1.20356327994 -0.635871362346
-2.20107499848 0.722387056615 -5.3979688724 1.58655111109
-4.70020909536 1.05181324754 -1.22297744778 0.269665098794
-3.34869674019 0.619877944768 -2.48397663404 0.445526140459
1.44501576147 4.5152546685 0.410663418815 1.26530353079
1.77044552678 -4.18928373649 0.568536303012 -1.30735874063
-0.029732367151 4.26120751521 -0.015739281036 1.66058649058
-3.28862030546 -3.97649668636 -0.710343128264 -0.850634808817
-3.08262086532 3.08215786169 -1.11202423263 1.08776268863
-1.2719512494 1.44796036493 -6.44018130305 6.73705223582
-3.2401118538 0.0630198667192 -2.78592158848 0.0614018688989
1.44803953442 2.39749224477 2.17512170479 3.47689136359
2.35213379432 -1.62647506543 3.04104498966 -1.9957681792
2.88076008599 -4.07780285884 0.68440550851 -0.949821240236
-3.00782927701 -2.10539995469 -1.84397152631 -1.24664138774
0.602843655567 3.09460872593 0.602625254638 3.09918209031
2.66256219579 -0.474380637565 3.90483558516 -0.674296825802
-4.73524492322 -2.29570700149 -0.951909590614 -0.453988221282
-0.189599523228 -1.23307429329 -2.16435919758 -29.0417520917
-4.5046721311 -0.948209037469 -1.3476148816 -0.275180274159
-1.7924098632 -1.41565732009 -5.21076885657 -3.68866745032
4.3236035514 -1.70362568718 1.24383197537 -0.483911310357
1.26078186667 -0.378489472785 20.1007826591 -2.44755772385
-4.78288273855 -2.34998184854 -0.925573804492 -0.447636253125
-2.11924881113 -3.17874718777 -1.16378099166 -1.72112714101
-1.19353904482 -2.27450469254 -2.31890824617 -4.40087964767
2.67723045766 -3.75099062955 0.81294478299 -1.11338931036
-0.767454297758 2.0093101787 -2.72830975613 6.76300771966
0.760268035612 -1.16691991966 12.7453229217 -18.3996473175
-3.36647426853 1.89543015934 -1.73110708911 0.94711785315
2.91393172848 -4.35872371518 0.596858256708 -0.876432203001
3.14829605108 4.51563859894 0.562537640031 0.793456301198
-2.45791214805 3.28503707211 -1.0778419967 1.40577678703
1.08056952779 1.76538956795 4.47620024712 7.16641067614
-3.23978938807 4.32002741196 -0.609914458083 0.801502739747
3.69571650396 0.150787957807 2.11057391964 0.0657698655552
2.11103234579 -4.44693982519 0.529230072161 -1.08864752902
2.75385094474 2.35356049442 1.77989927517 1.45338793551
0.25252412866 -4.62331091273 0.0849201631341 -1.38249498947
0.544998852463 -3.55570603058 0.38194373329 -2.30850707769
-3.1126455518 2.2769413775 -1.6219867097 1.15322859024
-3.96368875334 2.69452181174 -1.05974143473 0.707451027722
-1.60230809853 4.00884277795 -0.608275250551 1.48612803065
2.03060444575 -3.88260051893 0.727252624335 -1.35255335945
-2.86399939584 0.18210433411 -3.55729215166 0.224396843316
-3.33008996645 4.60695886814 -0.536153435043 0.731983324306
2.98791011764 3.51017392469 0.919639125509 1.05422717039
-2.57713563337 -3.54786660149 -0.920548048012 -1.2520167332
4.21850474666 -1.52251203141 1.34986570601 -0.481000011556
2.66456443811 0.213747754224 4.05843674581 0.242004937009
-2.85994645996 -2.95160307691 -1.24594838894 -1.26110907435
-2.42817353472 4.92223124625 -0.437654880411 0.87426038305
-4.77949831066 2.6128976244 -0.863333967173 0.465516815141
0.578905499014 -3.76811019304 0.336695276189 -2.0434780293
-1.57941338824 -0.211725428327 -11.5547938723 -0.934835576065
-4.62884256048 2.60648594204 -0.902457250749 0.500833940885
2.54465035871 -3.69261737372 0.841144922698 -1.19151495171
0.619199340997 2.44559365944 1.25401168318 5.02364854917
4.2498558322 0.372740293524 1.58168372541 0.124319932965
0.376652649771 -1.51376161391 3.97973261587 -15.2123190276
0.762737121119 3.46640957112 0.529568351839 2.38922123446
-4.65920780769 -0.439037309417 -1.32227962879 -0.119832393864
1.6133340047 -2.24114464336 2.43240567756 -3.2047410575
-1.2993802867 -3.03530602815 -1.12087652499 -2.61368605204
-1.06785700836 -0.908718240345 -31.0514513762 -15.2936351342
0.727221975517 4.96117687126 0.173041255443 1.17223229711
2.90605573148 -4.15391183651 0.659055074429 -0.924031509671
-3.96558762125 1.00281169699 -1.69197568129 0.418384481666
4.25236522344 -3.53937611144 0.730048929114 -0.599525026948
3.06958829363 -1.22879320448 2.4779782998 -0.959790372671
-3.14961178459 -3.77992727174 -0.787580473221 -0.934886611285
2.43159416228 4.13799990801 0.664215456832 1.10896217721
3.93864530378 -2.52102205254 1.12005427393 -0.70467409601
0.931413932768 -3.06727422172 0.909570149822 -2.82899365679
-3.26426805546 1.58171798006 -2.02803310396 0.950716414694
-0.176725997318 -1.75640278485 -0.766900306199 -11.6095037788
4.02309606554 -1.99909990819 1.2859979867 -0.628471262743
-0.240116332474 2.3911826693 -0.639151664708 5.66286493508
-2.32297124264 3.97947590259 -0.715380729137 1.2012274264
0.450410230554 2.0812175183 1.51845673005 7.48535109529
-1.41651517982 0.575435322415 -14.2637093247 4.01042502055
-0.0754114855916 1.9197063988 -0.525613740089 9.55114824407
-2.80358298658 3.41000380987 -0.977833498314 1.16423291213
-3.28665148546 4.25202508588 -0.627505917084 0.799978128638
-0.642942516157 -3.24522541235 -0.531217991765 -2.77231140684
-2.27280552502 -0.144462594134 -5.69147845983 -0.274479186776
2.19090420944 1.61152734472 3.51658916505 2.35616292806
-0.797038463615 4.44622905529 -0.265994351 1.44318942289
3.38458437535 2.48247457084 1.37333821279 0.970638979692
1.17851628005 -4.94301504039 0.272647795204 -1.10647669376
1.74907395033 2.56481828032 1.88141709531 2.6566724534
-3.86350513584 4.38024055353 -0.570914392099 0.639289018121
-1.29814274356 -1.72305183109 -4.66719301628 -5.98920095621
2.86441174894 4.67630659762 0.518595006004 0.833202717986
-3.31719628892 -1.18035372486 -2.26184957248 -0.763428907646
-3.42170136024 -3.14532421469 -1.01651078464 -0.919580026048
0.699847301264 1.33846620223 7.83534164711 18.5015545661
2.55803574626 1.53891184329 2.98734193618 1.64923930769
-1.44690118595 -0.699408654568 -13.1638020388 -3.4602311638
2.40675596991 -3.19265596397 1.1303602 -1.45698146963
3.85108095552 4.27502440207 0.598564459626 0.653104401972
3.34091599043 3.65256955629 0.823902029666 0.880747585499
-3.30525323713 -3.9903811923 -0.704954368707 -0.842934639369
-1.50514514585 2.01399116282 -3.12217753905 3.9561097133
3.28275501346 0.475857141068 2.6195118165 0.332980206481
2.09221422828 -2.72645055635 1.5723414142 -1.97425114103
1.87023980103 3.00070970069 1.32810074324 2.06833060425
-2.53843098088 4.41507565191 -0.574468017715 0.982679309565
1.21904748337 -2.04072014976 3.02412089875 -4.74775626968
-2.59050401876 3.09894679724 -1.18866449127 1.38659495232
1.87651147407 -4.32832729769 0.537689253539 -1.20765697539
-4.62495538777 -1.74085944246 -1.12185366723 -0.413456817
-0.766690071601 2.25638728152 -1.94886610479 5.4311350935
1.39625450704 2.49101341391 1.96704487072 3.40125373713
-4.08358739765 -0.861325796913 -1.64428723258 -0.333422894392
-1.27066337288 2.49400808376 -1.88742503058 3.54293435031
-3.8452243459 -1.04600919228 -1.78657465757 -0.466376762736
0.939357124753 1.47046885951 7.13568613707 11.5232058512
1.98825588206 -4.39957684515 0.529849793293 -1.14336171433
1.29109709789 -3.13140970939 1.04343684995 -2.41824624345
2.03219653475 2.85046939226 1.48712566308 2.01667987588
-4.76627112053 1.42184242609 -1.12698465001 0.331135802075
-0.588741137763 -1.61401713643 -3.87269492688 -12.5076959286
0.480360550446 4.38136911061 0.168777482159 1.53967017419
-2.18040079964 2.74675185439 -1.55648151374 1.89822468992
-3.41269260339 -3.08202775801 -1.04740427892 -0.930310342456
-4.05685544987 -2.18475497733 -1.22481495184 -0.645107871504
1.14619252846 2.7712550389 1.37096242138 3.25014873719
-2.12178928332 2.54156944896 -1.81148139604 2.09302043286
1.97173089122 -1.91685156115 2.94828099994 -2.71376526294
2.27121144226 -3.51684996006 0.930172506693 -1.40093445804
-4.73207551463 -0.999356591481 -1.21912818668 -0.25070994777
-1.69094509801 3.79946521758 -0.719755106007 1.57751251621
4.69258078406 -3.23054611618 0.734927875734 -0.50011389573
0.613571872333 -1.607910436 4.61880035217 -11.3366919733
1.11234440689 -3.22500941348 0.885652215489 -2.44493951579
0.577326286364 4.5193359459 0.18383908029 1.43388153767
-3.67969624769 2.58354857771 -1.19643229284 0.822795411861
0.970398025658 -2.09379650069 2.69000575743 -5.42507267501
-0.14714468217 -2.82735296522 -0.15284081156 -3.93279243832
-0.106554667862 -3.43056705 -0.0559351281459 -2.59783566881
4.46751485998 -1.80632835574 1.15223717199 -0.460395149996
0.652960005463 4.82751483466 0.169569270656 1.24646395992
-2.01740581535 2.73825840994 -1.58984868104 2.0858467143
-1.09795386538 -2.50879279308 -1.71590893439 -3.93553327671
3.9064201747 -3.88379424997 0.681978049917 -0.668246101957
-2.84918817163 -2.52340614778 -1.57248680432 -1.35594170317
1.5226436452 0.295248707577 11.9963094509 1.07310817613
3.88948236737 0.764026660546 1.81683669133 0.330492167206
2.78567288251 1.05519348518 3.17281649436 1.07848548332
-0.334702752812 1.86109819008 -1.88667642238 9.72804520766
-0.52276381613 -1.80903298549 -2.50391744114 -9.91424509428
-2.81210386126 -2.35421268079 -1.74040551626 -1.41305326478
-2.36756560197 3.97811103323 -0.718442121081 1.18348042803
4.74119149943 2.99757371952 0.787793891746 0.486937580941
1.38654012652 -2.34476344042 2.20775271909 -3.53491612335
-4.79370063413 0.702490002581 -1.22411276922 0.177362805425
4.90818733684 2.31335222192 0.897138690669 0.411491117398
2.65061764989 0.537918641868 3.95349942321 0.672461750713
0.595680627824 -3.95770568067 0.296972587471 -1.84718779741
1.48600601494 3.69226378485 0.727498904655 1.77408228569
2.49115506619 0.590247203745 4.41841811123 0.865629920451
3.42439769952 0.0681857102169 2.46325840401 0.0249136725991
2.45823404764 0.460141947173 4.64111136013 0.696772877235
2.39996908487 3.54357166628 0.934239175191 1.3462282457
-0.892985918245 -3.09531995321 -0.818258727491 -2.88052838722
0.215415631831 -2.23986668777 0.758916107331 -6.46305153264
-2.85936478638 0.0747795835758 -3.58646956559 0.102634099067
3.01040085345 0.270810860124 3.1681159938 0.230270212913
2.34489290307 0.766385928301 4.75327191341 1.28946560101
0.970398701487 4.4099333539 0.319778137595 1.43778410764
1.74315704782 -2.99302780827 1.29387254674 -2.1368334863
-2.60667178961 -2.55635455614 -1.64346328233 -1.56893865166
-1.03702917597 -2.72468484436 -1.3181600678 -3.49002092422
2.8203474628 -1.35891454726 2.7060742642 -1.2517040918
-1.21357410965 1.24789745016 -8.84453725299 8.17080456749
-3.605377158 -4.5525730525 -0.542452691671 -0.680263554378
1.89507435088 0.707104859639 7.30078491402 1.98266661906
3.50018948718 -0.92333272395 2.13273320697 -0.553324559264
4.49517684976 0.492147560815 1.40479225613 0.141409806069
-0.668389270085 -2.1592418443 -1.85841689302 -6.35662380584
-2.07327389599 3.92207067675 -0.719433042872 1.33180459446
2.90506521712 4.17660355267 0.661533594156 0.933241992504
1.44927442971 3.36675091506 0.918711795142 2.09009257126
-2.59403864442 -4.42623437674 -0.570787431791 -0.968142227856
2.53737945294 1.37285044907 3.2757775428 1.60529674596
-1.62467030538 4.60634604667 -0.421268608037 1.17143540296
3.00682446695 0.882132863386 2.89593852652 0.763574351236
3.71858962612 -3.78157295186 0.728832524772 -0.729580430145
0.418356009926 1.09780614538 8.31704671515 43.0295228573
-2.57493335107 2.68759586249 -1.51612870253 1.53633747496
-0.161065628035 1.39496092739 -2.43156882358 20.9289635899
-2.62887591249 -4.71318310077 -0.49513962508 -0.883527417243
1.21081771923 0.675943596996 21.1723574151 2.74212659898
4.41162426753 3.90987481711 0.634269364428 0.552082887673
-2.86848813693 -4.13638639688 -0.669244130214 -0.957080598172
0.224396667492 -3.94837527336 0.126082552747 -1.91861189372
3.21793759719 -2.09290240205 1.66985705554 -1.05726614698
-3.77278375974 -3.90542577105 -0.696097382331 -0.713466818314
0.55317630384 -4.23669263018 0.225707191153 -1.61794154874
0.347890137228 -1.21929363968 6.82613897607 -28.2106168757
-1.24203792472 1.08813292294 -10.923413874 8.27075826391
0.813939632284 -2.86844078096 1.00640244833 -3.32300461485
-2.82945016841 -3.11675710238 -1.14527638059 -1.23998054342
-2.26191207274 -1.22974536158 -4.2173571613 -2.06061661616
1.13250787528 2.23720661774 2.43039901982 4.69397317324
-1.30808441288 3.75047491908 -0.645886312279 1.80012045446
-2.59201530593 -1.075767175 -3.59382629432 -1.35762178143
1.66533135912 3.88847354245 0.674306076865 1.54544504867
3.56810934889 3.03250789755 1.03766351624 0.857591257914
-3.42095917872 -4.5816362309 -0.539821898604 -0.71816073619
-4.99679258238 0.245018328168 -1.15792692166 0.0571427297432
4.30090015782 -4.06747942826 0.602981050676 -0.563241610306
2.27997374142 4.71069381566 0.477461181413 0.971310153998
1.92141755309 3.1103793834 1.22756484067 1.93153198099
0.390372849035 1.66893835461 2.51167042505 12.7157766571
3.58161048832 -2.6163463802 1.19984126386 -0.858880460302
1.20087607912 1.13944283273 13.0435305244 10.1171072776
-3.98793993666 2.04215523615 -1.30200233949 0.653077326078
2.91563660711 0.501008869192 3.29860358229 0.485691333699
4.92360315122 -1.12446851384 1.09926615829 -0.250671599425
1.00246348015 -0.749008159818 27.1700582332 -12.5322564601
3.39895381126 -2.52514557615 1.31232113569 -0.953263860936
2.37739952738 2.81367629887 1.47501846024 1.68472717269
2.11622055691 4.2589187943 0.595446217851 1.17722885325
-3.81873567561 -1.04620644847 -1.80945307767 -0.475420394056
-0.65059225038 -2.19883915161 -1.72109229102 -6.16214140667
2.66401047654 1.87575273959 2.38222572178 1.57323451375
4.59185991022 1.17066037413 1.25353628454 0.304928705119
4.04116577056 4.02439758612 0.644091559442 0.629809498515
-2.91678817784 3.43477601544 -0.954163609869 1.1007872094
4.7814833639 0.716639680783 1.22318595329 0.172578576172
2.4867352329 -1.36490600382 3.25472488619 -1.69344510823
-1.66343771134 -1.91640439358 -3.42799391268 -3.7709665842
0.53748284982 -2.59141351547 0.99998469033 -4.39946550179
3.54333397021 1.8705159775 1.63946116224 0.825155070921
1.06631754043 0.179390364811 21.7512588163 1.58145165734
2.63440063708 0.439595719512 4.06168942421 0.556024676647
-4.32673830373 1.79950714483 -1.22887943078 0.50178047463
-2.49426979227 4.23352949098 -0.629941548578 1.05038231
4.09984867889 0.955415705088 1.59957910067 0.350258338265
3.17392416323 -1.96702541006 1.78955676253 -1.07818482906
-4.21140963385 0.713985418641 -1.57333159524 0.26234372684
3.64324560753 -1.92079467138 1.51722103706 -0.783132328247
-3.68569076485 4.30870753668 -0.596431257213 0.68812467231
-1.74766695871 -2.49564536714 -1.97020701988 -2.75083127529
-0.528482967652 -2.12393388578 -1.57777995148 -6.92447123707
-0.864956874578 -3.75937693001 -0.449519122965 -1.98663141209
2.95036361089 2.95984165035 1.22631795705 1.19191346397
3.21141009585 -3.62484664783 0.832533528882 -0.921650411676
-4.24424965427 -1.26869206777 -1.43115977181 -0.415056773562
-3.19457416165 4.15289747653 -0.659255362343 0.843894457297
-4.23960236038 3.15253256695 -0.844091390746 0.618363140075
-2.80555746439 3.25830107783 -1.06009903315 1.203868631
0.928647506782 -4.32075074658 0.333141289676 -1.48316408589
0.0154203494354 2.95571330512 -0.00478333534433 3.61882137828
1.99474471791 1.00032843342 5.86535085459 2.39437544451
1.30777664362 -3.32070127819 0.897719793903 -2.18340656795
1.60619283808 -0.578524992915 10.3503682922 -2.88252490457
2.31721574184 -2.27483081641 2.05148702093 -1.93490345029
-2.74555279076 4.62350466692 -0.525572688033 0.871922948405
-1.44237833095 -3.77495118564 -0.659897012925 -1.72683353099
4.61574571303 0.0824158876945 1.35182312568 0.0160262051162
3.34346553957 4.64522597938 0.529935320722 0.72462207088
-1.92316332033 0.643343003779 -7.20399464848 2.04072524911
-3.48632047472 1.48750237382 -1.88774824596 0.781846055332
-2.68657652553 -1.70303163765 -2.57377560154 -1.54608503319
1.73749616824 4.60553041229 0.439808150055 1.14858615905
0.222347452395 -1.80243922647 1.5527728565 -10.5947404564
-0.43432471371 -3.41569388643 -0.307379332598 -2.56892550791
1.54962718268 -1.00492630766 8.31282144774 -4.65488407334
0.920004111138 2.93868669257 1.00470543019 3.17209202148
-1.18453443348 -2.36877597714 -2.07773585291 -4.14441359031
-3.87865390379 2.50889786718 -1.15911813319 0.735236521405
0.76895258648 2.70088355284 1.1191182557 3.91839368351
-1.08967455874 0.229073310199 -30.0077392401 -3.5755471091
0.688580022125 -3.82958907467 0.372078796962 -1.94765240205
1.03799136234 -3.99396152974 0.458513460458 -1.68920562361
3.17148066543 1.27899139034 2.36495422774 0.883789810081
-0.267922848775 -1.90939171033 -1.03747424944 -9.40355482796
4.69329868388 2.22055387572 0.980773766266 0.450503662243
4.32500552082 -3.49357063498 0.731194340552 -0.582913847869
4.23445490901 3.91590943037 0.651256738719 0.591259522851
-4.57649905963 2.69887694568 -0.892432259988 0.518669353139
-0.556607501745 1.70545225886 -3.64687910814 10.6862491153
-1.84550039918 -2.30957185361 -2.29460618319 -2.78549089523
3.64408184139 -0.294110629705 2.14956533238 -0.182242329548
0.669937429489 4.14778564923 0.274531975148 1.6902570889
4.03047444963 0.675069421716 1.71395248067 0.265346945016
-1.79337002816 0.459724304706 -8.8093985038 1.76351188054
0.675668370778 2.07069310308 2.20882066724 6.96209772768
-0.464826488098 3.93916626835 -0.235873056738 1.91240152499
2.0520668388 -0.231996875302 6.77957953444 -0.700449043674
0.616372056198 1.25936578368 8.31711895631 23.3345837915
-1.44106759596 -3.6337788309 -0.73152528761 -1.84287016014
1.53497185718 -2.53989351569 1.85484706193 -2.9238677578
3.34855194817 -3.61480432237 0.822379434367 -0.87147529195
0.266039846272 4.56353523708 0.0823286962451 1.43283317541
1.43309969453 2.53704696121 1.89138649757 3.24457159369
-3.73778213746 -2.47983103802 -1.23072828447 -0.799118824022
2.32012305142 -2.32574164235 1.98292170896 -1.91127220827
1.17274248195 4.39382062394 0.37865576028 1.40077761504
-0.578167579826 4.79069513344 -0.157819241928 1.2709858559
-3.83950137552 -0.233434401269 -1.96908876475 -0.11028042114
-3.40560157876 3.001885918 -1.0810061014 0.933729581476
-4.53025582235 -1.67039759315 -1.17882679418 -0.424955195484
1.61967677505 -0.738667162307 9.3647170548 -3.50140869493
-0.354743151844 -2.13319610547 -1.03248200473 -7.17552812712
4.56257103915 1.34354360712 1.23397608416 0.34791563264
-3.20402535316 1.50868357014 -2.14055366222 0.973284784013
0.468842585861 1.26048736276 6.48173663321 25.6908889995
3.89523719401 -3.86547567604 0.687875279232 -0.672705748826
1.50725782125 -3.08771011262 1.1559826187 -2.27150676029
-2.04519561904 -1.30003261172 -4.73349415405 -2.68217508417
4.41829271644 3.36613489269 0.759357391888 0.56630791242
3.97375045074 -3.15516404183 0.88611824175 -0.692577643466
0.334395219653 -2.25312568342 1.05887201943 -6.22632905686
-1.16029178185 -2.00831483012 -3.17791276838 -5.47487091374
-2.41329472981 4.40557839185 -0.570198403411 1.02320948967
1.11934121934 1.23235295624 11.5864986561 11.6015854987
2.43278611153 3.23016775509 1.12859260164 1.45665446332
3.66337703526 -1.02202421067 1.9236329688 -0.528569944656
4.67143964908 -0.937861971132 1.24233458968 -0.249562533133
3.71826959538 -2.76282609532 1.09183645458 -0.796324989155
-1.87520737697 3.71880114597 -0.792490501989 1.53378437952
3.7837044214 0.406480725219 1.98915976052 0.189738452262
0.52913817035 -3.01369024422 0.620350004867 -3.23918169801
3.36728025623 3.90949435872 0.731710746814 0.832410541798
-1.26404332105 1.79862523553 -4.10737635134 5.49079082194
-2.37081240761 4.34584715122 -0.585949823046 1.05529330917
-2.2389113666 -3.51505169181 -0.936871341161 -1.45475734762
-4.63460164624 -1.26450069155 -1.22080516494 -0.324836191595
2.65894077334 -3.56788075086 0.898075974109 -1.1766480263
1.30372107445 -0.542090061235 17.1939040487 -4.65455677812
-1.27106121676 1.18069675705 -9.30700691231 7.64447362757
0.474465648037 -3.68153809953 0.30396350173 -2.17063642824
-1.07561440914 4.21537282071 -0.401625091133 1.53306028752
-4.38113736611 -0.908925178197 -1.42828033756 -0.286723816266
0.382393250823 1.29646324893 4.80073279085 24.5937951771
4.35051408663 -0.732444354259 1.45802551746 -0.246645540409
-1.57911045678 -3.20479565826 -1.06681761465 -2.15009399052
2.35754564739 1.69441573962 3.05297629516 2.02208686754
2.17808294459 -3.80345014405 0.777110040769 -1.32121764757
-4.45220930852 -1.89978694559 -1.15193031088 -0.481145253911
-2.02301157841 -0.412600645258 -6.96256896321 -1.07853303791
-0.908992061019 -4.71036063043 -0.241026135386 -1.26869977003
-0.845123709323 4.82714152017 -0.218740610468 1.22022681394
-1.43312729193 -4.13902092317 -0.510047821876 -1.47575367552
-2.65531781573 4.07596199695 -0.690359578893 1.04086485755
2.60853920373 1.37804728531 3.13138847272 1.50439778467
-0.227689422102 1.6855377597 -1.86623833114 12.6926005159
1.48880689321 1.87420527798 3.79181653546 4.49117922487
-3.09402595143 -4.5606638293 -0.546603260886 -0.800534167788
2.34593677801 1.45185193307 3.53665923948 1.97640656302
3.89621739084 0.990739057338 1.7501143146 0.416744068843
3.44917263049 -0.0242503202633 2.42699451863 -0.036989840274
1.80570070932 -4.0463565677 0.627642426453 -1.36614101706
-2.60744367053 2.54634571481 -1.6351554206 1.54810228576
1.40872200351 -4.45739419747 0.418913546832 -1.28397398096
-2.25726787955 2.4519260563 -1.8800534123 1.96969279519
2.32847843866 2.57271378503 1.74218670665 1.84692764149
0.768888314202 3.6423657981 0.460022830836 2.1624554119
3.31510998603 -0.274523885974 2.59840714723 -0.225902110969
0.6184515524 1.63439976448 4.08291384144 12.0347905206
3.14397744346 4.10515113818 0.680077594522 0.87104858013
-4.35132364574 0.346688713146 -1.52132627548 0.120796129001
-1.78591991729 4.00749159128 -0.643522176179 1.41171129604
2.64506888785 -2.98679106297 1.24313796939 -1.36522755779
4.56985959596 -2.23021859039 1.00417087265 -0.484137879731
1.92211588449 3.22818918116 1.12708833105 1.84307641369
2.28353686114 -0.593504940265 5.11498126494 -1.22427644886
-0.903275013497 -3.05737900885 -0.85611789677 -2.94140037854
2.57344090214 -3.55096487667 0.909801682391 -1.22475988987
1.0840932505 3.68991118217 0.589196033362 1.97735518943
-4.74746873473 -1.65279875509 -1.09238387618 -0.372527710258
4.71709009708 -1.13086372169 1.18911419923 -0.284153401225
4.09746752011 -2.712991227 1.00314447908 -0.653866923618
4.08589353696 0.201604508569 1.72321462803 0.0704832237894
2.09172444958 2.23371861799 2.33950676971 2.36949856571
3.31997775329 1.30825081427 2.16965187665 0.79724092475
-3.45855906609 -3.27272420379 -0.954075502726 -0.889602030636
-2.08015362319 -3.10986984512 -1.21977266743 -1.79685886038
-2.91976381173 1.79765441433 -2.17375331215 1.28956856156
-4.69533925644 0.884641887698 -1.25100288576 0.232459450249
-4.60804680775 2.26594549507 -0.993915909287 0.481262919475
-4.72815926993 -2.34031469247 -0.943496018728 -0.4595135725
2.2323015981 -0.776426447324 5.03510688193 -1.60469215026
1.68476432786 1.6509232516 4.48427417369 4.00110033433
0.849076640521 3.95060692649 0.394167023041 1.81655302741
-1.81088779956 -2.12878259079 -2.70507305975 -3.0627074724
-3.86413172398 -2.47838570117 -1.1841816312 -0.743968732497
